{
 "cells": [
  {
   "cell_type": "markdown",
   "metadata": {},
   "source": [
    "# Using the library(odd number of qubits)\n",
    "\n",
    "This code tutorial shows how to estimate a 1-RDM and perform variational optimization"
   ]
  },
  {
   "cell_type": "code",
   "execution_count": 1,
   "metadata": {},
   "outputs": [],
   "source": [
    "# Import library functions and define a helper function\n",
    "import numpy as np\n",
    "import cirq\n",
    "\n",
    "from openfermioncirq.experiments.hfvqe.gradient_hf import rhf_func_generator\n",
    "from openfermioncirq.experiments.hfvqe.opdm_functionals import OpdmFunctional\n",
    "from openfermioncirq.experiments.hfvqe.analysis import (compute_opdm,\n",
    "                            mcweeny_purification,\n",
    "                            resample_opdm,\n",
    "                            fidelity_witness,\n",
    "                            fidelity)\n",
    "from openfermioncirq.experiments.hfvqe.third_party.higham import fixed_trace_positive_projection\n",
    "from openfermioncirq.experiments.hfvqe.molecular_example_odd_qubits import make_h3_2_5\n",
    "\n"
   ]
  },
  {
   "cell_type": "markdown",
   "metadata": {},
   "source": [
    "### Generate the input files, set up quantum resources, and set up the OpdmFunctional to make measurements. "
   ]
  },
  {
   "cell_type": "code",
   "execution_count": 2,
   "metadata": {},
   "outputs": [
    {
     "name": "stdout",
     "output_type": "stream",
     "text": [
      "Optimization terminated successfully.\n",
      "         Current function value: -0.806205\n",
      "         Iterations: 2\n",
      "         Function evaluations: 7\n",
      "         Gradient evaluations: 7\n"
     ]
    }
   ],
   "source": [
    "rhf_objective, molecule, parameters, obi, tbi = make_h3_2_5()\n",
    "ansatz, energy, gradient = rhf_func_generator(rhf_objective)\n",
    "\n",
    "# settings for quantum resources\n",
    "qubits = [cirq.GridQubit(0, x) for x in range(molecule.n_orbitals)]\n",
    "sampler = cirq.Simulator(dtype=np.complex128)  # this can be a QuantumEngine\n",
    "\n",
    "# OpdmFunctional contains an interface for running experiments\n",
    "opdm_func = OpdmFunctional(qubits=qubits,\n",
    "                           sampler=sampler,\n",
    "                           constant=molecule.nuclear_repulsion,\n",
    "                           one_body_integrals=obi,\n",
    "                           two_body_integrals=tbi,\n",
    "                           num_electrons=molecule.n_electrons // 2,  # only simulate spin-up electrons\n",
    "                           clean_xxyy=True,\n",
    "                           purification=True\n",
    "                           )"
   ]
  },
  {
   "cell_type": "markdown",
   "metadata": {},
   "source": [
    "### The displayed text is the output of the gradient based restricted Hartree-Fock.  We define the gradient in `rhf_objective` and use the conjugate-gradient optimizer to optimize the basis rotation parameters.  This is equivalent to doing Hartree-Fock theory from the canonical transformation perspective.\n",
    "\n",
    "\n",
    "Next, we will do the following:\n",
    "\n",
    "1. Do measurements for a given set of parameters\n",
    "\n",
    "2. Compute 1-RDM, variances, and purification\n",
    "\n",
    "3. Compute energy, fidelities, and errorbars"
   ]
  },
  {
   "cell_type": "code",
   "execution_count": 3,
   "metadata": {},
   "outputs": [
    {
     "name": "stdout",
     "output_type": "stream",
     "text": [
      "\n",
      "\n",
      "\n",
      "\n",
      "\n",
      "Canonical Hartree-Fock energy  -0.8062049864800688\n",
      "True energy  -0.8062049864970051\n",
      "Raw energy  -0.8054758202710877 +-  0.0002841083507287418\n",
      "Raw fidelity witness  0.997393469661081 +-  0.0010070261792183542\n",
      "purified energy  -0.8062048209660764 +-  1.2912146958194106e-06\n",
      "Purified fidelity witness  0.9999970348375896 +-  2.965096636692094e-06\n",
      "Purified fidelity  0.9999985176409273 +-  1.482555363905694e-06\n"
     ]
    }
   ],
   "source": [
    "# 1.\n",
    "# default to 250_000 shots for each circuit.\n",
    "# 7 circuits total, printed for your viewing pleasure\n",
    "# return value is a dictionary with circuit results for each permutation\n",
    "\n",
    "measurement_data = opdm_func.calculate_data(parameters)\n",
    "\n",
    "# 2.\n",
    "opdm, var_dict = compute_opdm(measurement_data,\n",
    "                              return_variance=True)\n",
    "opdm_pure = mcweeny_purification(opdm)\n",
    "\n",
    "\n",
    "# 3.\n",
    "raw_energies = []\n",
    "raw_fidelity_witness = []\n",
    "purified_eneriges = []\n",
    "purified_fidelity_witness = []\n",
    "purified_fidelity = []\n",
    "true_unitary = ansatz(parameters)\n",
    "nocc = molecule.n_electrons // 2\n",
    "nvirt = molecule.n_orbitals - nocc\n",
    "\n",
    "initial_fock_state = [1] * nocc + [0] * nvirt\n",
    "for _ in range(1000):  # 1000 repetitions of the measurement\n",
    "    new_opdm = resample_opdm(opdm, var_dict)\n",
    "    raw_energies.append(opdm_func.energy_from_opdm(new_opdm))\n",
    "    raw_fidelity_witness.append(\n",
    "        fidelity_witness(target_unitary=true_unitary,\n",
    "                         omega=initial_fock_state,\n",
    "                         measured_opdm=new_opdm)\n",
    "    )\n",
    "    # fix positivity and trace of sampled 1-RDM if strictly outside\n",
    "    # feasible set\n",
    "    w, v = np.linalg.eigh(new_opdm)\n",
    "    if len(np.where(w < 0)[0]) > 0:\n",
    "        new_opdm = fixed_trace_positive_projection(new_opdm, nocc)\n",
    "\n",
    "    new_opdm_pure = mcweeny_purification(new_opdm)\n",
    "    purified_eneriges.append(opdm_func.energy_from_opdm(new_opdm_pure))\n",
    "    purified_fidelity_witness.append(\n",
    "        fidelity_witness(target_unitary=true_unitary,\n",
    "                         omega=initial_fock_state,\n",
    "                         measured_opdm=new_opdm_pure)\n",
    "    )\n",
    "    purified_fidelity.append(\n",
    "        fidelity(target_unitary=true_unitary,\n",
    "                 measured_opdm=new_opdm_pure)\n",
    "    )\n",
    "print('\\n\\n\\n\\n')\n",
    "print(\"Canonical Hartree-Fock energy \", molecule.hf_energy)\n",
    "print(\"True energy \", energy(parameters))\n",
    "print(\"Raw energy \", opdm_func.energy_from_opdm(opdm),\n",
    "      \"+- \", np.std(raw_energies))\n",
    "print(\"Raw fidelity witness \", np.mean(raw_fidelity_witness).real,\n",
    "      \"+- \", np.std(raw_fidelity_witness))\n",
    "print(\"purified energy \", opdm_func.energy_from_opdm(opdm_pure),\n",
    "      \"+- \", np.std(purified_eneriges))\n",
    "print(\"Purified fidelity witness \", np.mean(purified_fidelity_witness).real,\n",
    "      \"+- \", np.std(purified_fidelity_witness))\n",
    "print(\"Purified fidelity \", np.mean(purified_fidelity).real,\n",
    "      \"+- \", np.std(purified_fidelity))\n"
   ]
  },
  {
   "cell_type": "markdown",
   "metadata": {},
   "source": [
    "This should print out the various energies estimated from the 1-RDM along with error bars.  Generated from resampling the 1-RDM based on the estimated covariance."
   ]
  },
  {
   "cell_type": "markdown",
   "metadata": {},
   "source": [
    "## Optimization\n",
    "\n",
    "We use the sampling functionality to variationally relax the parameters of\n",
    "my ansatz such that the energy is decreased.\n",
    "\n",
    "For this we will need the augmented Hessian optimizer\n",
    "\n",
    "The optimizerer code we have takes:\n",
    "rhf_objective object, initial parameters,\n",
    "a function that takes a n x n unitary and returns an opdm\n",
    "maximum iterations,\n",
    "hassian_update which indicates how much of the hessian to use\n",
    "rtol which is the gradient stopping condition.\n",
    "\n",
    "A natural thing that we will want to save is the variance dictionary of\n",
    "the non-purified 1-RDM.  This is accomplished by wrapping the 1-RDM\n",
    "estimation code in another object that keeps track of the variance \n",
    "dictionaries. \n"
   ]
  },
  {
   "cell_type": "code",
   "execution_count": 4,
   "metadata": {},
   "outputs": [
    {
     "name": "stdout",
     "output_type": "stream",
     "text": [
      "\n",
      "ITERATION NUMBER :  0\n",
      "\n",
      " unitary\n",
      "[[1. 0. 0.]\n",
      " [0. 1. 0.]\n",
      " [0. 0. 1.]]\n",
      "Current Energy:  -0.45436924460009553\n",
      "true energy  -0.45436924460009553\n",
      "dvec\n",
      "[((0.39747996513551487+0j), -1.0 [0^ 2] +\n",
      "-1.0 [1^ 3] +\n",
      "1.0 [2^ 0] +\n",
      "1.0 [3^ 1]), ((0.32335512526654964+0j), -1.0 [0^ 4] +\n",
      "-1.0 [1^ 5] +\n",
      "1.0 [4^ 0] +\n",
      "1.0 [5^ 1])]\n",
      "New fr values norm\n",
      "0.030175860543567117\n",
      "\n",
      "ITERATION NUMBER :  1\n",
      "\n",
      " unitary\n",
      "[[ 0.37140703 -0.39002425 -0.84257813]\n",
      " [ 0.39002425  0.88907822 -0.23962682]\n",
      " [ 0.84257813 -0.23962682  0.48232881]]\n",
      "Current Energy:  -0.46596649780370336\n",
      "true energy  -0.46596649780370336\n",
      "dvec\n",
      "[((0.4283566728607223+0j), -1.0 [0^ 2] +\n",
      "-1.0 [1^ 3] +\n",
      "1.0 [2^ 0] +\n",
      "1.0 [3^ 1]), ((0.3596304423055997+0j), -1.0 [0^ 4] +\n",
      "-1.0 [1^ 5] +\n",
      "1.0 [4^ 0] +\n",
      "1.0 [5^ 1])]\n",
      "New fr values norm\n",
      "0.030306456722012667\n",
      "\n",
      "ITERATION NUMBER :  2\n",
      "\n",
      " unitary\n",
      "[[ 0.39778004 -0.39414259 -0.82850628]\n",
      " [ 0.38877304  0.89035379 -0.23690852]\n",
      " [ 0.83103945 -0.22786342  0.50739698]]\n",
      "Current Energy:  -0.47916395109600596\n",
      "true energy  -0.47916395109600596\n",
      "dvec\n",
      "[((0.45669992914013+0j), -1.0 [0^ 2] +\n",
      "-1.0 [1^ 3] +\n",
      "1.0 [2^ 0] +\n",
      "1.0 [3^ 1]), ((0.39263147050292185+0j), -1.0 [0^ 4] +\n",
      "-1.0 [1^ 5] +\n",
      "1.0 [4^ 0] +\n",
      "1.0 [5^ 1])]\n",
      "New fr values norm\n",
      "0.030523222316031676\n",
      "\n",
      "ITERATION NUMBER :  3\n",
      "\n",
      " unitary\n",
      "[[ 0.42419582 -0.39696942 -0.81392456]\n",
      " [ 0.38700607  0.89205441 -0.23337786]\n",
      " [ 0.81870887 -0.21599583  0.53203533]]\n",
      "Current Energy:  -0.4940344132810087\n",
      "true energy  -0.4940344132810087\n",
      "dvec\n",
      "[((0.48202976380995854+0j), -1.0 [0^ 2] +\n",
      "-1.0 [1^ 3] +\n",
      "1.0 [2^ 0] +\n",
      "1.0 [3^ 1]), ((0.4217650080568722+0j), -1.0 [0^ 4] +\n",
      "-1.0 [1^ 5] +\n",
      "1.0 [4^ 0] +\n",
      "1.0 [5^ 1])]\n",
      "New fr values norm\n",
      "0.0308768648712816\n",
      "\n",
      "ITERATION NUMBER :  4\n",
      "\n",
      " unitary\n",
      "[[ 0.45073316 -0.39824426 -0.79889995]\n",
      " [ 0.38454411  0.89429206 -0.22883954]\n",
      " [ 0.80558391 -0.2040667   0.55622957]]\n",
      "Current Energy:  -0.5106733459736992\n",
      "true energy  -0.5106733459736992\n",
      "dvec\n",
      "[((0.5037738885913035+0j), -1.0 [0^ 2] +\n",
      "-1.0 [1^ 3] +\n",
      "1.0 [2^ 0] +\n",
      "1.0 [3^ 1]), ((0.44636594274258573+0j), -1.0 [0^ 4] +\n",
      "-1.0 [1^ 5] +\n",
      "1.0 [4^ 0] +\n",
      "1.0 [5^ 1])]\n",
      "New fr values norm\n",
      "0.03143690985363934\n",
      "\n",
      "ITERATION NUMBER :  5\n",
      "\n",
      " unitary\n",
      "[[ 0.47749111 -0.39764261 -0.7835066 ]\n",
      " [ 0.38115294  0.89719975 -0.22305838]\n",
      " [ 0.79165944 -0.19212745  0.57996756]]\n",
      "Current Energy:  -0.5291877064922605\n",
      "true energy  -0.5291877064922605\n",
      "dvec\n",
      "[((0.5212333042369204+0j), -1.0 [0^ 2] +\n",
      "-1.0 [1^ 3] +\n",
      "1.0 [2^ 0] +\n",
      "1.0 [3^ 1]), ((0.4656565425542831+0j), -1.0 [0^ 4] +\n",
      "-1.0 [1^ 5] +\n",
      "1.0 [4^ 0] +\n",
      "1.0 [5^ 1])]\n",
      "New fr values norm\n",
      "0.03228307565929822\n",
      "\n",
      "ITERATION NUMBER :  6\n",
      "\n",
      " unitary\n",
      "[[ 0.50458167 -0.39478057 -0.76781876]\n",
      " [ 0.37653893  0.90092275 -0.21576988]\n",
      " [ 0.77692714 -0.18024013  0.60323935]]\n",
      "Current Energy:  -0.5496644295190363\n",
      "true energy  -0.5496644295190363\n",
      "dvec\n",
      "[((0.53355728880053+0j), -1.0 [0^ 2] +\n",
      "-1.0 [1^ 3] +\n",
      "1.0 [2^ 0] +\n",
      "1.0 [3^ 1]), ((0.4787089883269041+0j), -1.0 [0^ 4] +\n",
      "-1.0 [1^ 5] +\n",
      "1.0 [4^ 0] +\n",
      "1.0 [5^ 1])]\n",
      "New fr values norm\n",
      "0.03348353226961669\n",
      "\n",
      "ITERATION NUMBER :  7\n",
      "\n",
      " unitary\n",
      "[[ 0.53211183 -0.38923982 -0.75189717]\n",
      " [ 0.37035729  0.90559773 -0.20670806]\n",
      " [ 0.76137539 -0.1684788   0.62603707]]\n",
      "Current Energy:  -0.5721185753220442\n",
      "true energy  -0.5721185753220442\n",
      "dvec\n",
      "[((0.5397495395651384+0j), -1.0 [0^ 2] +\n",
      "-1.0 [1^ 3] +\n",
      "1.0 [2^ 0] +\n",
      "1.0 [3^ 1]), ((0.4844360881618271+0j), -1.0 [0^ 4] +\n",
      "-1.0 [1^ 5] +\n",
      "1.0 [4^ 0] +\n",
      "1.0 [5^ 1])]\n",
      "New fr values norm\n",
      "0.03507224820115985\n",
      "\n",
      "ITERATION NUMBER :  8\n",
      "\n",
      " unitary\n",
      "[[ 0.56015712 -0.38061043 -0.7357715 ]\n",
      " [ 0.36223496  0.91132249 -0.19564546]\n",
      " [ 0.74498982 -0.15692996  0.64835419]]\n",
      "Current Energy:  -0.5964372262337607\n",
      "true energy  -0.5964372262337607\n",
      "dvec\n",
      "[((0.5387204568903148+0j), -1.0 [0^ 2] +\n",
      "-1.0 [1^ 3] +\n",
      "1.0 [2^ 0] +\n",
      "1.0 [3^ 1]), ((0.48163394426878714+0j), -1.0 [0^ 4] +\n",
      "-1.0 [1^ 5] +\n",
      "1.0 [4^ 0] +\n",
      "1.0 [5^ 1])]\n",
      "New fr values norm\n",
      "0.037047956022207444\n",
      "\n",
      "ITERATION NUMBER :  9\n",
      "\n",
      " unitary\n",
      "[[ 0.58873736 -0.36853013 -0.71942607]\n",
      " [ 0.35179755  0.91812824 -0.18242536]\n",
      " [ 0.72775464 -0.1456917   0.67018439]]\n",
      "Current Energy:  -0.622342814600845\n",
      "true energy  -0.622342814600845\n",
      "dvec\n",
      "[((0.5293765503041161+0j), -1.0 [0^ 2] +\n",
      "-1.0 [1^ 3] +\n",
      "1.0 [2^ 0] +\n",
      "1.0 [3^ 1]), ((0.4690771036116393+0j), -1.0 [0^ 4] +\n",
      "-1.0 [1^ 5] +\n",
      "1.0 [4^ 0] +\n",
      "1.0 [5^ 1])]\n",
      "New fr values norm\n",
      "0.03940188998102677\n",
      "\n",
      "ITERATION NUMBER :  10\n",
      "\n",
      " unitary\n",
      "[[ 0.61780672 -0.35269307 -0.70279617]\n",
      " [ 0.33868198  0.9259682  -0.16696529]\n",
      " [ 0.7096544  -0.13487212  0.69152016]]\n",
      "Current Energy:  -0.6493876338746789\n",
      "true energy  -0.6493876338746789\n",
      "dvec\n",
      "[((0.5107175091474263+0j), -1.0 [0^ 2] +\n",
      "-1.0 [1^ 3] +\n",
      "1.0 [2^ 0] +\n",
      "1.0 [3^ 1]), ((0.44564116125536857+0j), -1.0 [0^ 4] +\n",
      "-1.0 [1^ 5] +\n",
      "1.0 [4^ 0] +\n",
      "1.0 [5^ 1])]\n",
      "New fr values norm\n",
      "0.04216067705647882\n",
      "\n",
      "ITERATION NUMBER :  11\n",
      "\n",
      " unitary\n",
      "[[ 0.64726047 -0.33281739 -0.68577435]\n",
      " [ 0.32252229  0.93472476 -0.14922799]\n",
      " [ 0.69067594 -0.12458813  0.71235142]]\n",
      "Current Energy:  -0.6769737040374351\n",
      "true energy  -0.6769737040374351\n",
      "dvec\n",
      "[((0.48190970209026246+0j), -1.0 [0^ 2] +\n",
      "-1.0 [1^ 3] +\n",
      "1.0 [2^ 0] +\n",
      "1.0 [3^ 1]), ((0.41042370419156327+0j), -1.0 [0^ 4] +\n",
      "-1.0 [1^ 5] +\n",
      "1.0 [4^ 0] +\n",
      "1.0 [5^ 1])]\n",
      "New fr values norm\n",
      "0.03994540111598876\n",
      "\n",
      "ITERATION NUMBER :  12\n",
      "\n",
      " unitary\n",
      "[[ 0.67695069 -0.30857702 -0.66822002]\n",
      " [ 0.30290582  0.94422619 -0.12917033]\n",
      " [ 0.67080983 -0.11496579  0.73266434]]\n",
      "Current Energy:  -0.7012239602622617\n",
      "true energy  -0.7012239602622617\n",
      "dvec\n",
      "[((0.4474473066698009+0j), -1.0 [0^ 2] +\n",
      "-1.0 [1^ 3] +\n",
      "1.0 [2^ 0] +\n",
      "1.0 [3^ 1]), ((0.3691018388748992+0j), -1.0 [0^ 4] +\n",
      "-1.0 [1^ 5] +\n",
      "1.0 [4^ 0] +\n",
      "1.0 [5^ 1])]\n",
      "New fr values norm\n",
      "0.03796611992665062\n",
      "\n",
      "ITERATION NUMBER :  13\n",
      "\n",
      " unitary\n",
      "[[ 0.70318327 -0.28304302 -0.65224224]\n",
      " [ 0.28220106  0.95310167 -0.10936076]\n",
      " [ 0.65260697 -0.10716279  0.75008018]]\n",
      "Current Energy:  -0.7221670948914135\n",
      "true energy  -0.7221670948914135\n",
      "dvec\n",
      "[((0.4095396278604282+0j), -1.0 [0^ 2] +\n",
      "-1.0 [1^ 3] +\n",
      "1.0 [2^ 0] +\n",
      "1.0 [3^ 1]), ((0.3243986787695665+0j), -1.0 [0^ 4] +\n",
      "-1.0 [1^ 5] +\n",
      "1.0 [4^ 0] +\n",
      "1.0 [5^ 1])]\n",
      "New fr values norm\n",
      "0.036440359835926445\n",
      "\n",
      "ITERATION NUMBER :  14\n",
      "\n",
      " unitary\n",
      "[[ 0.72632212 -0.25674579 -0.63760315]\n",
      " [ 0.2607559   0.96119947 -0.09001076]\n",
      " [ 0.6359737  -0.10088198  0.76508841]]\n",
      "Current Energy:  -0.7400990924560837\n",
      "true energy  -0.7400990924560837\n",
      "dvec\n",
      "[((0.36959524693093704+0j), -1.0 [0^ 2] +\n",
      "-1.0 [1^ 3] +\n",
      "1.0 [2^ 0] +\n",
      "1.0 [3^ 1]), ((0.2781721372671466+0j), -1.0 [0^ 4] +\n",
      "-1.0 [1^ 5] +\n",
      "1.0 [4^ 0] +\n",
      "1.0 [5^ 1])]\n",
      "New fr values norm\n",
      "0.03519523416072628\n",
      "\n",
      "ITERATION NUMBER :  15\n",
      "\n",
      " unitary\n",
      "[[ 0.74681355 -0.2298321  -0.62405667]\n",
      " [ 0.23865642  0.96849895 -0.07108376]\n",
      " [ 0.62073556 -0.09584881  0.77813904]]\n",
      "Current Energy:  -0.7552755786332795\n",
      "true energy  -0.7552755786332795\n",
      "dvec\n",
      "[((0.3287115081994043+0j), -1.0 [0^ 2] +\n",
      "-1.0 [1^ 3] +\n",
      "1.0 [2^ 0] +\n",
      "1.0 [3^ 1]), ((0.232008262914784+0j), -1.0 [0^ 4] +\n",
      "-1.0 [1^ 5] +\n",
      "1.0 [4^ 0] +\n",
      "1.0 [5^ 1])]\n",
      "New fr values norm\n",
      "0.03414112298877638\n",
      "\n",
      "ITERATION NUMBER :  16\n",
      "\n",
      " unitary\n",
      "[[ 0.76493088 -0.20240443 -0.61148442]\n",
      " [ 0.21597791  0.97498316 -0.05254873]\n",
      " [ 0.60682311 -0.09187098  0.78950962]]\n",
      "Current Energy:  -0.7679423494726392\n",
      "true energy  -0.7679423494726392\n",
      "dvec\n",
      "[((0.28773971814386934+0j), -1.0 [0^ 2] +\n",
      "-1.0 [1^ 3] +\n",
      "1.0 [2^ 0] +\n",
      "1.0 [3^ 1]), ((0.1872908129169415+0j), -1.0 [0^ 4] +\n",
      "-1.0 [1^ 5] +\n",
      "1.0 [4^ 0] +\n",
      "1.0 [5^ 1])]\n",
      "New fr values norm\n",
      "0.03322976193466648\n",
      "\n",
      "ITERATION NUMBER :  17\n",
      "\n",
      " unitary\n",
      "[[ 0.78085112 -0.17453966 -0.59983951]\n",
      " [ 0.19278893  0.98063788 -0.03437711]\n",
      " [ 0.59422551 -0.08879901  0.7993815 ]]\n",
      "Current Energy:  -0.7783444210234549\n",
      "true energy  -0.7783444210234549\n",
      "dvec\n",
      "[((0.24731497393934443+0j), -1.0 [0^ 2] +\n",
      "-1.0 [1^ 3] +\n",
      "1.0 [2^ 0] +\n",
      "1.0 [3^ 1]), ((0.14523206841234004+0j), -1.0 [0^ 4] +\n",
      "-1.0 [1^ 5] +\n",
      "1.0 [4^ 0] +\n",
      "1.0 [5^ 1])]\n",
      "New fr values norm\n",
      "0.03243569224628308\n",
      "\n",
      "ITERATION NUMBER :  18\n",
      "\n",
      " unitary\n",
      "[[ 0.79469284 -0.14629833 -0.58911806]\n",
      " [ 0.1691536   0.98545089 -0.01654111]\n",
      " [ 0.58296685 -0.08650634  0.80787765]]\n",
      "Current Energy:  -0.7867251775072244\n",
      "true energy  -0.7867251775072244\n",
      "dvec\n",
      "[((0.2078731975803586+0j), -1.0 [0^ 2] +\n",
      "-1.0 [1^ 3] +\n",
      "1.0 [2^ 0] +\n",
      "1.0 [3^ 1]), ((0.10688883790677953+0j), -1.0 [0^ 4] +\n",
      "-1.0 [1^ 5] +\n",
      "1.0 [4^ 0] +\n",
      "1.0 [5^ 1])]\n",
      "New fr values norm\n",
      "0.031747099706241975\n",
      "\n",
      "ITERATION NUMBER :  19\n",
      "\n",
      " unitary\n",
      "[[ 8.06536346e-01 -1.17729628e-01 -5.79343471e-01]\n",
      " [ 1.45133054e-01  9.89411654e-01  9.87354195e-04]\n",
      " [ 5.73092941e-01 -8.48782244e-02  8.15082921e-01]]\n",
      "Current Energy:  -0.7933206355443363\n",
      "true energy  -0.7933206355443363\n",
      "dvec\n",
      "[((0.1696648067514529+0j), -1.0 [0^ 2] +\n",
      "-1.0 [1^ 3] +\n",
      "1.0 [2^ 0] +\n",
      "1.0 [3^ 1]), ((0.07317391181932187+0j), -1.0 [0^ 4] +\n",
      "-1.0 [1^ 5] +\n",
      "1.0 [4^ 0] +\n",
      "1.0 [5^ 1])]\n",
      "New fr values norm\n",
      "0.031160880706073094\n"
     ]
    },
    {
     "name": "stdout",
     "output_type": "stream",
     "text": [
      "\n",
      "ITERATION NUMBER :  20\n",
      "\n",
      " unitary\n",
      "[[ 0.8164346  -0.08887438 -0.57055753]\n",
      " [ 0.12078645  0.99251097  0.01823732]\n",
      " [ 0.56466378 -0.08380519  0.82105512]]\n",
      "Current Energy:  -0.7983513586536213\n",
      "true energy  -0.7983513586536213\n",
      "dvec\n",
      "[((0.13276919960905492+0j), -1.0 [0^ 2] +\n",
      "-1.0 [1^ 3] +\n",
      "1.0 [2^ 0] +\n",
      "1.0 [3^ 1]), ((0.0448684927005671+0j), -1.0 [0^ 4] +\n",
      "-1.0 [1^ 5] +\n",
      "1.0 [4^ 0] +\n",
      "1.0 [5^ 1])]\n",
      "New fr values norm\n",
      "0.030679898099457075\n",
      "\n",
      "ITERATION NUMBER :  21\n",
      "\n",
      " unitary\n",
      "[[ 0.82441844 -0.05976676 -0.56281628]\n",
      " [ 0.09617166  0.99474077  0.0352393 ]\n",
      " [ 0.55775016 -0.0831789   0.82583051]]\n",
      "Current Energy:  -0.8020134704015441\n",
      "true energy  -0.8020134704015441\n",
      "dvec\n",
      "[((0.09711166062685768+0j), -1.0 [0^ 2] +\n",
      "-1.0 [1^ 3] +\n",
      "1.0 [2^ 0] +\n",
      "1.0 [3^ 1]), ((0.022640869122894106+0j), -1.0 [0^ 4] +\n",
      "-1.0 [1^ 5] +\n",
      "1.0 [4^ 0] +\n",
      "1.0 [5^ 1])]\n",
      "New fr values norm\n",
      "0.03031190660242576\n",
      "\n",
      "ITERATION NUMBER :  22\n",
      "\n",
      " unitary\n",
      "[[ 0.8304971  -0.03043528 -0.55619085]\n",
      " [ 0.07134598  0.99609391  0.05202572]\n",
      " [ 0.5524349  -0.08288919  0.82942453]]\n",
      "Current Energy:  -0.8044696220255558\n",
      "true energy  -0.8044696220255558\n",
      "dvec\n",
      "[((0.06248245720034939+0j), -1.0 [0^ 2] +\n",
      "-1.0 [1^ 3] +\n",
      "1.0 [2^ 0] +\n",
      "1.0 [3^ 1]), ((0.0070832306228129915+0j), -1.0 [0^ 4] +\n",
      "-1.0 [1^ 5] +\n",
      "1.0 [4^ 0] +\n",
      "1.0 [5^ 1])]\n",
      "New fr values norm\n",
      "0.030071876101220613\n",
      "\n",
      "ITERATION NUMBER :  23\n",
      "\n",
      " unitary\n",
      "[[ 8.34651321e-01 -9.02510943e-04 -5.50777957e-01]\n",
      " [ 4.63668384e-02  9.96564012e-01  6.86315283e-02]\n",
      " [ 5.48823550e-01 -8.28212283e-02  8.31825315e-01]]\n",
      "Current Energy:  -0.8058402021487663\n",
      "true energy  -0.8058402021487663\n",
      "dvec\n",
      "[((0.02855473721951725+0j), -1.0 [0^ 2] +\n",
      "-1.0 [1^ 3] +\n",
      "1.0 [2^ 0] +\n",
      "1.0 [3^ 1]), ((-0.0011840578765134196+0j), -1.0 [0^ 4] +\n",
      "-1.0 [1^ 5] +\n",
      "1.0 [4^ 0] +\n",
      "1.0 [5^ 1])]\n",
      "New fr values norm\n",
      "0.025444348790380968\n",
      "\n",
      "ITERATION NUMBER :  24\n",
      "\n",
      " unitary\n",
      "[[ 0.83680499  0.02881824 -0.5467421 ]\n",
      " [ 0.0212931   0.99614524  0.08509557]\n",
      " [ 0.54708685 -0.08285023  0.83296568]]\n",
      "Current Energy:  -0.8062046051114438\n",
      "true energy  -0.8062046051114438\n",
      "dvec\n",
      "[((1.0389344025190491e-05+0j), -1.0 [0^ 2] +\n",
      "-1.0 [1^ 3] +\n",
      "1.0 [2^ 0] +\n",
      "1.0 [3^ 1]), ((-0.0011882776483986696+0j), -1.0 [0^ 4] +\n",
      "-1.0 [1^ 5] +\n",
      "1.0 [4^ 0] +\n",
      "1.0 [5^ 1])]\n",
      "New fr values norm\n",
      "0.0006418067320672538\n",
      "\n",
      "ITERATION NUMBER :  25\n",
      "\n",
      " unitary\n",
      "[[ 8.36725796e-01  5.41974237e-02 -5.44933557e-01]\n",
      " [ 7.73326099e-06  9.95089381e-01  9.89804183e-02]\n",
      " [ 5.47622080e-01 -8.28236834e-02  8.32616536e-01]]\n",
      "Current Energy:  -0.8062049864970797\n",
      "true energy  -0.8062049864970797\n",
      "dvec\n",
      "[((2.193223914051268e-09+0j), -1.0 [0^ 2] +\n",
      "-1.0 [1^ 3] +\n",
      "1.0 [2^ 0] +\n",
      "1.0 [3^ 1]), ((-2.562226328745032e-07+0j), -1.0 [0^ 4] +\n",
      "-1.0 [1^ 5] +\n",
      "1.0 [4^ 0] +\n",
      "1.0 [5^ 1])]\n",
      "New fr values norm\n",
      "1.3844882294400577e-07\n",
      "Finished Optimization\n"
     ]
    }
   ],
   "source": [
    "from openfermioncirq.experiments.hfvqe.mfopt import moving_frame_augmented_hessian_optimizer\n",
    "from openfermioncirq.experiments.hfvqe.opdm_functionals import RDMGenerator\n",
    "import matplotlib.pyplot as plt\n",
    "rdm_generator = RDMGenerator(opdm_func, purification=True)\n",
    "opdm_generator = rdm_generator.opdm_generator\n",
    "\n",
    "result = moving_frame_augmented_hessian_optimizer(\n",
    "    rhf_objective=rhf_objective,\n",
    "    initial_parameters= parameters + 5.0E-1 ,\n",
    "    opdm_aa_measurement_func=opdm_generator,\n",
    "    verbose=True, delta=0.03,\n",
    "    max_iter=120,\n",
    "    hessian_update='diagonal',\n",
    "    rtol=0.050E-2)\n"
   ]
  },
  {
   "cell_type": "markdown",
   "metadata": {},
   "source": [
    "Each interation prints out a variety of information that the user might find useful.  Watching energies go down is known to be one of the best forms of entertainment during a shelter-in-place order.\n",
    "\n",
    "After the optimization we can print the energy as a function of iteration number to see close the energy gets to the true minium."
   ]
  },
  {
   "cell_type": "code",
   "execution_count": 5,
   "metadata": {},
   "outputs": [
    {
     "data": {
